294 0 0 312 0 0 0 250 0 0
0 0 416 312 0 0 263 0 0 0
0 263 416 0 0 0 0 0 0 833
294 0 0 0 0 333 0 250 0 0
0 263 0 0 0 0 263 0 333 0
0 263 0 0 0 0 263 250 0 0
294 263 0 0 0 0 263 0 0 0
0 263 0 0 454 0 0 250 0 0
294 0 0 312 0 0 0 250 0 0
0 0 0 0 0 0 263 0 333 833
294 0 0 0 0 0 0 250 333 0
0 263 0 312 0 333 0 0 0 0
0 0 0 312 0 333 263 0 0 0
294 0 0 0 454 0 0 250 0 0
0 0 416 0 0 0 263 250 0 0
0 0 0 312 0 0 0 250 333 0
294 263 0 0 0 0 0 250 0 0
294 0 416 312 0 0 0 0 0 0
0 263 416 0 0 0 263 0 0 0
0 0 0 0 0 0 263 250 0 833
294 0 0 312 0 0 263 0 0 0
294 0 0 0 0 333 0 250 0 0
0 0 0 312 0 0 263 0 333 0
0 263 416 312 0 0 0 0 0 0
294 0 0 0 454 0 0 250 0 0
0 263 416 0 0 0 0 0 333 0
0 0 0 312 454 333 0 0 0 0
0 263 0 0 454 0 0 0 333 0
0 0 0 312 0 0 263 250 0 0
0 263 0 0 454 0 0 0 333 0
0 263 0 0 454 333 0 0 0 0
0 0 0 312 454 333 0 0 0 0
0 263 0 0 454 333 0 0 0 0
0 263 416 0 0 0 263 0 0 0
0 0 0 312 0 0 0 250 333 0
294 0 0 312 0 0 0 0 0 833
294 263 0 0 0 0 0 250 0 0
294 263 416 0 0 0 0 0 0 0
0 0 0 0 0 333 263 250 0 0
0 0 416 0 0 333 0 0 333 0
0 263 0 0 454 0 0 0 333 0
0 0 416 0 0 0 263 0 0 833
0 0 424 320 0 333 0 0 0 0
0 0 0 0 0 333 263 250 0 0
0 0 0 0 0 333 0 0 333 835
294 0 0 0 0 0 263 0 333 0
294 0 0 0 0 0 0 250 333 0
296 266 0 0 0 0 263 0 0 0
0 0 0 0 0 333 266 250 0 0
0 0 0 0 460 338 0 0 338 0
