132 117
137 115
133 127
263 126
127 66
134 270
243 128
133 129
122 92
185 216
199 189
120 192
279 123
73 251
136 251
106 130
137 133
234 134
156 150
226 136
109 123
273 321
240 225
126 44
257 132
150 129
130 123
298 210
232 103
129 129
134 132
258 132
65 127
31 116
116 44
128 213
115 276
109 134
128 118
193 102
65 267
129 228
134 261
126 116
129 129
123 133
131 75
238 66
280 257
124 125
128 112
186 130
130 110
246 127
59 231
123 87
242 126
278 227
118 208
131 255
267 294
136 127
111 132
113 119
140 126
59 122
134 306
174 133
278 126
252 231
111 127
269 134
131 127
291 216
135 117
125 300
264 135
120 212
78 133
107 126
54 231
227 114
129 82
136 188
134 94
132 179
229 127
111 129
196 265
128 131
250 51
294 302
226 195
123 262
173 294
134 282
135 115
288 186
129 116
314 247
