2471
3365
1713
2517
1277
1833
4006
3696
2128
151
26
1655
2105
1840
605
2074
1226
1258
1417
3110
515
2561
798
922
2422
3601
3786
211
1457
930
1657
297
2382
2030
1625
1017
1703
644
991
1600
1501
1495
112
768
3733
3542
1917
1013
3555
2068
2323
1413
711
21
3657
1883
3841
2229
2461
2583
1631
2039
761
570
2244
3737
555
906
1178
2563
1857
910
1958
60
2051
2114
1554
3289
3339
1129
3550
132
3652
3519
1021
327
3867
1649
1340
369
755
1664
776
1047
3929
534
3565
1145
2023
851
3731
3935
2267
942
3314
1183
1023
3439
1083
921
1538
1275
1940
1748
1916
1981
1766
272
3321
339
3310
1028
3130
3442
3499
1576
2389
232
2469
1152
198
2149
1307
62
1466
1196
3788
59
4067
3689
438
2331
1882
2426
2493
4069
1024
284
1205
471
3334
2336
2593
2306
3368
3434
1156
1469
672
3925
1350
1847
3279
2200
2193
2395
2377
1349
1623
1905
1842
893
779
2478
1934
3482
3889
2251
1820
1519
997
1559
1113
1742
2123
3164
436
270
3820
2088
2417
770
3275
390
3375
2065
2041
811
994
3422
182
1543
619
1288
115
1378
3531
2231
2040
1334
3714
4038
1267
1278
124
1173
1430
1440
1594
1738
1550
1195
3617
1952
43
3292
3456
88
0
457
920
3341
1225
963
3511
932
2559
2284
3112
3399
1751
383
1579
3912
1920
2161
756
1910
1222
2043
1290
3855
3742
3200
980
506
1139
1426
3816
3181
1997
1211
3589
2542
2510
3445
3246
1292
2001
2144
2394
2233
2133
1823
218
3882
1888
3461
2116
2159
3467
1072
844
2094
452
1607
1416
3446
828
4041
318
1827
3397
1125
2550
171
162
1362
183
1616
3532
3502
608
865
1273
1722
1390
2055
3107
864
1708
1697
3619
4013
1084
1770
3136
919
3218
3114
3900
302
491
2480
1526
2227
1778
3567
3881
2524
1805
539
2262
1240
363
552
3901
3682
3677
91
3440
715
514
485
1834
1907
2313
2494
2053
748
3247
2136
2130
1627
2156
1256
1182
431
2556
1045
2178
2109
2453
4088
3769
458
1793
3658
786
195
2312
1731
3730
1895
2431
1100
838
2158
1141
1140
1557
1873
1472
1405
3250
2344
3537
118
2385
3106
1241
2151
1155
1051
2527
1691
3764
976
3328
809
775
3564
3628
479
3967
3435
375
25
1815
307
2002
3815
4091
3356
1040
1654
3676
130
5
1002
1042
689
678
2042
3575
1908
3222
630
82
1318
550
1336
2330
1322
1068
253
1494
433
2569
181
1142
3835
1837
917
2443
2035
355
512
1367
194
3242
992
291
993
146
1289
744
1354
324
1323
1831
482
965
443
2192
1003
3839
2463
3910
3653
4081
2016
3348
1624
1297
2090
1613
1216
467
1835
2119
1491
3624
3529
1306
2499
1143
762
533
2017
777
974
19
2093
2481
428
150
3171
2508
1546
1383
878
749
3441
1822
3908
2029
1870
2048
1618
2020
1093
3162
3209
4056
3443
1018
640
1199
1360
3703
1185
1889
3444
995
544
752
3871
1061
406
1900
3465
2280
3139
247
493
3385
1176
3651
13
2062
1510
2383
1184
439
341
3484
4063
94
56
1782
1867
3152
3554
632
1177
3973
2387
3455
4009
1906
2295
1135
1412
1301
119
3560
3551
3288
1950
376
205
155
2457
3261
3203
751
694
636
449
1044
2045
2194
227
1463
1890
11
256
2237
3141
293
1643
3177
2191
3221
616
1160
3496
4008
148
4002
710
1727
898
1046
419
2413
1779
3469
30
1849
37
3137
1224
1132
1210
1399
2117
2252
1475
1014
3928
2018
1956
1953
1821
1690
1227
1971
2588
1939
2452
967
1518
328
805
1447
2357
1001
1339
126
817
3593
883
3364
1300
386
382
3345
1715
3144
3464
1586
3654
2083
3354
76
3600
81
3570
3118
3750
2166
306
104
346
3157
2442
204
2211
3176
116
1208
3545
1298
69
1034
522
913
1602
2215
2482
1750
159
1604
252
998
3858
825
4040
1988
3584
729
1841
1819
716
2436
3640
74
4046
3722
3526
764
2531
959
690
3723
3483
1719
2475
2427
1511
840
3309
2187
1801
3590
935
2219
3409
645
871
903
2205
1207
3597
1717
3962
3693
3414
3864
2356
1223
2235
4001
1270
4026
954
225
3941
1666
3544
3271
3970
3623
1912
3191
3716
1487
1373
352
2324
1038
1382
591
1983
1220
3225
691
2309
1918
3506
1387
156
1106
3734
3985
1144
173
1897
1647
2396
1442
2581
2546
231
2163
332
16
2541
2401
510
226
321
926
1395
3538
3395
3316
4070
2320
2073
3381
3838
3690
3605
3625
3680
986
1332
1215
4096
3895
3124
320
3904
3216
3958
3906
3780
1052
107
3659
1359
2217
2038
1638
576
2509
3281
3383
532
2540
737
1979
3787
3672
1587
1809
4083
853
4016
54
1949
3475
2086
1230
3704
267
1887
662
338
3115
1467
912
3169
425
1735
353
50
2428
3907
4090
3702
1924
1650
470
3951
3615
2332
3344
3576
3
4033
2575
128
3251
4097
2216
1626
269
1448
1963
3719
1760
401
1961
1537
1522
3847
492
2560
727
1798
1785
397
659
3430
1488
2376
4005
2005
1668
3415
1829
1295
1965
891
2080
1718
1120
596
681
1937
571
1433
2386
136
3336
305
1283
2060
1280
860
1800
3236
4029
6
841
3508
3276
357
2548
3903
70
2572
881
1787
1008
97
577
3571
1830
731
818
2169
117
650
1157
3256
1006
255
590
1197
1892
2275
1123
1219
429
725
1074
1414
1783
3897
2349
3873
263
2134
3204
560
1238
3969
2444
1663
478
3516
1836
72
3325
3939
3540
109
2236
1149
289
3595
1784
1011
1036
1720
498
2047
481
4053
3638
2078
3710
723
73
3937
3686
927
3934
131
1954
810
1299
314
2182
427
2333
2337
2190
402
3452
2150
2207
4079
348
3391
673
569
1229
1358
799
1250
1088
3308
49
1775
1536
2513
701
683
3811
1327
1620
3577
2345
1968
187
3548
2596
3510
887
813
3393
2198
413
1098
1274
2258
2391
1189
1928
3754
3872
816
2576
1232
2362
3824
573
2416
613
1771
953
1645
1946
594
2036
2249
1622
300
842
3581
2271
896
161
497
1582
1054
3123
230
2107
889
3154
1231
494
703
4077
660
2152
3620
789
3290
381
1998
3633
1930
629
201
14
721
2512
1384
2242
2317
2072
549
3500
3779
1242
2274
164
3173
3884
1048
3902
1896
3920
3976
900
518
1671
2167
3614
3205
3771
1700
3650
642
2380
3386
3103
3298
2282
1496
3688
1863
1732
286
1246
3188
3527
3720
3513
98
3195
964
1343
3804
1660
2147
850
1206
602
3724
4099
2260
3751
283
1049
2412
3208
4000
3338
3803
3671
807
1851
584
832
404
969
1565
3522
3566
1781
2390
2430
2208
1303
1153
2137
3993
3349
1415
3613
2351
1678
3505
3732
1858
3890
1531
1165
771
2544
251
3297
3865
989
1159
3490
647
453
154
1683
1670
3278
1502
3413
2135
1832
3491
1497
4050
455
22
1728
706
3916
2523
3892
3380
2240
1656
2483
2008
1407
800
1761
4084
674
3126
2265
1437
2491
3148
2146
2454
236
1346
1530
1503
464
1338
3989
394
351
3332
519
1707
3102
246
2580
28
2120
1150
1342
86
4075
178
892
3746
1560
1009
890
319
3363
1287
908
3524
1943
1852
3896
2180
1927
3342
3438
1365
3801
2384
2155
2263
472
2181
176
2451
928
2328
556
3286
3280
1117
3587
829
607
558
3707
400
2112
1164
1212
1434
4052
3295
3146
1272
2420
1730
193
2148
2502
1512
359
866
2079
3147
2470
35
3616
1326
3859
58
1260
223
3370
3243
3670
1978
3644
3372
3700
3180
3913
780
1179
1492
1112
3705
3861
1459
1619
1486
2577
2126
1945
767
1039
292
3337
3223
3621
143
1884
1248
1886
1285
3799
1508
3168
1584
2248
540
333
46
1875
4085
2438
2234
677
3875
3635
1233
3991
3322
1698
254
831
3306
3359
3891
3683
1394
3583
669
219
2322
1701
3948
273
42
2597
699
561
1598
4039
142
2399
407
3207
27
1970
1667
2464
2299
1758
791
331
663
1789
1904
2589
1844
364
3264
3514
3808
548
3178
1864
18
140
846
3802
1086
1562
1262
248
1880
275
885
1552
3260
3480
886
697
4089
2142
2514
149
3495
2319
1315
2476
344
2127
2400
575
2255
447
3836
2175
565
3285
423
2221
2033
2329
1689
653
2064
2441
1393
40
4082
1146
1091
1257
557
3186
1060
395
2585
1030
2096
1268
3857
3277
3667
1980
2162
38
3783
1568
2176
1402
2352
638
1167
2501
945
3773
313
2
1025
1137
374
572
819
3618
2462
3530
1967
3634
277
325
627
2196
2367
3258
726
1099
3821
3249
129
3184
1344
621
370
3358
3113
875
1391
347
1115
625
108
1020
3765
1490
4014
1424
3192
2488
3717
1636
484
925
521
2595
285
1477
1614
4080
614
3612
362
3636
1814
2369
459
3299
668
2435
3201
3111
274
3645
815
2304
999
3586
2102
3687
1646
1245
245
4027
3265
3320
757
1680
2388
2246
948
1204
48
2082
1330
904
3646
3366
17
197
1425
229
3819
1617
235
2414
1541
3899
609
3800
3559
1079
3759
1313
3978
393
3134
483
1203
421
3229
2538
450
758
1567
3952
1027
64
3794
1740
3100
80
3185
1202
3411
2465
2283
745
186
1482
398
3552
1807
329
2455
2075
3648
1898
1126
10
2210
784
2089
1470
1944
1136
1022
1811
39
3712
2010
1839
260
788
24
1948
67
1574
134
3131
1695
1555
624
2557
2272
1468
2316
1012
1314
3661
547
3449
3335
3472
700
2278
442
3594
1745
3346
4010
1612
781
698
3553
1806
3986
1443
1124
1276
3647
1134
350
426
1995
3121
1439
2232
3361
1121
1866
1080
2579
2573
2532
2485
3294
1234
606
2013
1435
4076
157
2467
1527
3994
1480
122
2164
1868
1499
2370
1062
84
1479
1170
2003
3239
2101
106
1489
1073
3591
3376
3549
2503
3416
2103
2338
2397
562
1756
2132
3155
266
1734
3401
3695
445
3421
1877
3630
848
655
1237
3424
2019
1031
3396
3307
3736
2355
3311
857
3533
3259
188
1712
530
2552
676
977
3150
3343
85
1769
1348
3805
1460
734
259
3189
4051
2091
760
3214
3557
2558
2404
3582
960
1404
3812
1004
1361
3578
598
3579
1345
1392
1854
685
3119
3224
1955
2346
1724
2418
1585
579
1446
895
741
167
2447
2287
434
2408
2566
1749
2341
765
665
874
1259
511
1163
1253
3388
783
257
3165
3685
3485
4031
3153
1985
388
778
504
1741
1589
3829
1993
3711
612
2327
3407
855
1166
2598
2250
83
946
113
2468
3367
1429
448
2203
1421
2254
276
415
3938
111
1725
1102
1279
264
462
335
499
477
1386
322
2224
3315
290
489
2429
1431
1471
2433
3701
834
3211
2239
3777
1674
3983
123
271
872
3486
2099
137
2528
36
742
3405
2506
1606
1131
2570
3793
3637
3352
3182
902
2411
3675
3790
888
3863
1553
2171
3931
1069
2202
2307
3768
1929
380
3117
3241
2026
1659
1744
2564
604
1043
1976
1353
3817
947
304
1569
2415
3494
508
3129
66
1138
1082
1597
1705
3303
68
563
490
1389
2449
2419
3728
1462
2063
1899
1169
2318
2044
2179
47
105
200
1291
1653
3756
1743
3996
309
566
179
2230
308
41
63
3655
1563
120
3120
3622
3479
2518
125
3313
1514
3957
1427
4055
649
1473
628
3747
1305
2591
3775
2582
3964
958
466
1105
1969
2281
2049
3378
3231
1064
1935
740
262
1118
2562
973
4018
3988
1679
3227
1788
3324
509
2492
1959
169
371
2525
2515
1901
3253
1846
684
1780
1644
1651
1891
1247
3104
1777
589
693
3573
2425
2122
2292
2348
1986
3845
3353
1419
794
460
709
626
3698
3470
345
3665
559
1931
1774
3525
1632
1685
1375
1684
652
1465
1128
469
3161
191
2321
1087
4017
987
2314
3384
242
3966
1843
929
3489
1610
2571
1081
3326
2139
3562
806
803
1733
2138
2286
666
1848
2141
1692
4007
1633
3796
3807
592
1609
3269
2259
1824
1803
1677
1615
1379
1987
707
3463
3245
3843
4021
1376
2543
3684
3832
1776
2294
972
446
911
2106
3355
3423
3175
3158
2247
3709
3167
2143
3772
955
3266
4035
1581
1662
2228
3318
3329
3643
3478
3252
3762
1816
387
1926
3984
1282
468
622
147
1335
3611
3521
1397
2374
3968
2291
1449
3574
3547
3833
720
3990
1936
3678
2293
1352
637
3915
2070
2261
941
2366
3226
1534
1682
526
3487
1641
3972
847
3116
1010
1850
880
1856
990
2536
516
3156
808
4048
4012
356
3776
3791
326
99
1704
3932
1721
859
199
310
487
3679
772
3233
3999
3608
7
654
240
3626
863
1474
405
1033
868
1810
2022
3244
3520
1461
3390
3823
1630
1181
3187
854
633
3333
1507
408
4036
206
924
3523
4045
1244
4025
3263
2266
2522
3561
3922
268
2268
279
2077
1077
1311
1737
2398
873
513
4073
736
658
3784
1802
1316
2104
1213
1317
145
2473
801
905
792
2288
826
456
531
1
897
294
2186
1321
1381
1566
1371
2530
75
1005
239
667
3741
2340
671
962
3473
1686
1669
836
1493
503
202
3980
1941
2519
2279
3206
520
3347
3428
12
2554
1158
753
981
869
1583
2392
523
3822
29
1794
2539
733
1438
623
2113
2034
3425
802
1218
1706
3563
2339
3818
495
3179
3163
3942
3151
282
615
821
4011
238
2568
4047
1974
3140
1772
822
1723
2212
1517
1455
3909
3740
365
3673
2553
3849
1991
2199
2076
1556
1962
735
2490
3585
2209
1764
3408
174
385
1235
1304
3927
1366
1590
1759
3374
2310
3668
3660
2168
249
879
1919
2153
93
1982
3727
3282
635
3453
1441
1862
185
317
1255
1699
1973
1739
3436
2520
545
3237
90
3379
1067
517
1401
3501
1710
474
265
1193
2245
4092
702
1078
2277
32
1096
4098
1420
823
1133
564
4003
3691
488
2004
2213
1869
3827
220
796
1261
3127
3848
1445
237
3603
1444
3197
403
3377
3406
389
610
4019
3128
1266
617
1059
444
3373
3217
3357
2256
3213
44
2587
1409
1436
1516
988
2125
2174
1608
3535
480
1523
1817
373
916
971
568
141
582
1101
876
1271
1114
1903
1825
2325
51
2052
4022
3761
1172
77
2334
3718
978
3133
3183
1709
3400
3781
3556
692
795
3369
3806
1269
3235
717
1147
103
867
1161
212
3708
1911
581
8
583
2535
3814
3739
1753
2206
712
1400
1881
1629
600
1154
1525
221
2021
1151
1015
1702
1871
3437
1520
1804
3330
500
1634
2448
787
2058
3977
4044
172
931
3869
1795
1191
3631
3846
203
1058
2578
1355
334
65
2423
2584
368
820
2565
3558
3284
1026
909
4057
330
524
4094
2477
1396
3402
31
228
713
3273
3302
280
2160
845
3606
1162
3749
501
301
1902
3642
3893
3870
1284
746
1885
1095
1652
2551
3450
312
824
4093
719
3598
3517
3543
3394
2456
1593
3145
1016
114
2379
3795
384
3877
1765
1533
3138
1356
1239
2170
3122
1369
9
1529
4095
3868
2486
33
675
241
3810
1960
597
724
984
3412
3825
2257
1635
3493
2586
418
1007
440
1921
53
580
2445
804
3234
1337
2024
3923
45
3198
1716
1757
3940
4060
1116
366
961
3255
936
3753
3961
3706
3662
1726
1754
1357
2533
1768
153
3599
3477
1506
2098
3504
2372
3196
3518
1094
3880
3933
1808
2599
1411
1249
1791
3971
696
1580
1524
2014
3210
243
475
3830
3748
2031
1872
1263
3291
3856
3528
3287
3813
938
184
738
536
3323
1828
3135
224
3874
2472
1000
567
2056
1458
2547
687
1676
3515
3268
3351
2526
643
4015
2218
1347
349
3905
4028
1308
1370
1797
1364
3580
430
1432
3866
2302
3826
3420
528
1127
2403
1309
3930
121
2405
2290
1450
3852
3274
2545
2032
476
797
1747
1693
2343
4
957
1786
1933
527
1984
1194
3692
3609
3975
1687
4086
1265
1451
192
2115
1418
1675
790
3674
1110
1328
1377
950
1243
1056
2140
208
4058
1092
2059
2183
732
1483
3840
648
2342
3588
1331
3862
1792
3656
1041
3460
3143
2421
3371
3878
2173
3945
2298
3202
1019
661
2037
2069
3965
1097
3404
1640
1994
3427
1428
833
538
168
3362
2061
1990
2364
814
2594
2124
3403
1665
4023
933
2407
3572
3752
858
2214
152
3694
3649
525
3387
3476
420
216
1577
233
1320
4020
3697
2529
3860
1410
4032
862
1601
217
2081
1329
4065
15
2028
3410
587
3468
1104
3921
96
812
2460
2574
2067
1860
2110
3304
2253
3417
3507
1071
3101
3953
1188
412
774
588
2555
435
2296
3172
3610
3149
210
461
367
2315
4059
3509
1736
3828
1485
1186
3955
295
2145
680
165
2406
3193
2516
3982
378
4054
2354
454
1558
1398
166
2204
553
1236
3883
2534
3454
250
3248
1209
2500
2440
396
441
618
2498
585
3272
3699
1925
1478
1513
1221
3219
1838
1544
1915
1688
1845
982
2326
2025
343
1879
20
1992
679
1333
3432
3481
213
4078
3770
1066
656
3602
3462
2432
3492
2071
3834
2409
3459
1767
496
1578
4034
3301
3926
3431
3809
1228
1037
884
3850
209
392
2027
1694
2466
170
704
3283
2057
1264
163
2220
1089
3744
718
451
4004
2507
258
1605
2084
316
3418
4042
1504
1251
2097
3426
391
463
3738
934
3956
3997
2335
3228
79
410
3981
3774
2276
3498
3604
1561
139
61
377
4037
1909
4074
1637
23
3105
354
1454
3898
2434
785
1773
1293
1180
337
2007
985
2121
2410
2495
3911
2222
2479
1319
3876
287
507
3974
714
361
3887
1351
4071
730
3782
1057
688
399
2567
620
1053
3568
3715
1542
3270
3767
160
603
1509
3232
3267
1964
1762
4064
3979
3569
207
882
1603
78
578
3340
2371
1975
2241
1111
763
4066
601
3160
1932
2359
3447
1122
542
3755
2424
1109
2197
1055
175
1464
743
3831
1456
3607
2054
1063
2087
2050
2373
323
956
1453
695
722
3199
1035
3108
3924
417
3539
296
3398
3125
1876
793
769
827
1310
486
437
1611
1374
2012
1575
2505
3109
1999
244
89
1865
2011
1826
55
634
3936
1341
2363
1174
728
1549
2450
2311
261
4049
3917
968
2305
4043
1296
2154
3943
2487
2085
92
830
894
3627
2226
2129
3954
2270
2474
3798
951
1951
3194
411
686
1564
133
3885
1029
3230
196
1621
2375
2358
1532
747
2301
102
3735
1200
2108
2269
3949
3433
1302
1505
574
3629
3632
1596
870
3879
3944
3729
1812
1076
1515
3327
1325
502
2006
551
1108
2289
3664
899
1452
595
1214
3466
3419
1729
2188
3797
4061
158
3763
1977
3240
2009
177
546
3389
3457
4024
2496
2238
3766
3474
1752
766
1521
2177
541
2243
3837
2347
1406
3992
52
1423
856
1103
1380
949
1957
983
3300
1481
782
3512
2590
750
1799
3745
1913
3142
3317
3894
2303
2360
1672
3639
135
3681
3760
299
705
1947
1175
101
2111
1922
1372
3960
3998
465
631
2185
3757
1996
3215
3534
3918
877
3743
1539
1696
278
422
71
914
1861
505
372
3254
1545
3888
1642
3212
95
3854
3946
1591
952
4087
3503
1570
2592
214
2157
1853
593
682
1085
3350
1281
57
3190
311
473
3995
215
918
2100
1989
1599
1065
1938
2118
2015
1476
2459
3713
3726
1324
1755
3792
1548
1711
975
2511
535
127
1790
1500
3382
2172
3257
3159
100
1661
2308
1878
315
3471
2195
1187
1673
1119
2092
529
4068
1192
1201
1403
1763
3170
1198
1312
852
2521
1070
3536
1818
3319
2000
3497
3488
3641
138
2225
837
110
708
1595
2223
1171
1090
1547
3914
3919
970
940
379
1050
3166
639
336
409
861
754
923
1855
901
1368
2131
646
87
996
1573
907
3842
1388
1796
3950
1923
1075
1032
1658
3947
2350
3312
1540
340
3296
1592
180
3663
303
1168
979
1254
3789
641
432
843
1914
3725
739
3666
2300
1408
554
234
2497
2439
1498
2393
937
3305
651
424
2458
1484
943
773
1681
3669
416
4062
1966
2264
3238
2437
3132
1714
222
3886
1972
4030
2297
2184
3963
3844
1130
2537
3360
3458
190
288
611
835
759
537
3721
657
3785
3293
1217
2353
1874
1942
2066
2368
966
2361
599
1107
1648
144
1422
944
1813
2381
3592
3758
1286
281
3778
1148
1894
939
3541
849
1363
2273
1628
3851
2285
839
1190
2484
360
4072
1639
543
3596
1746
1535
915
664
2378
3448
670
414
3262
2549
1588
2095
342
1893
3220
3429
2446
358
3987
1859
2046
2189
34
3853
298
1551
2489
2201
1294
3392
1385
2365
2504
3451
2402
2165
189
3546
586
1528
1252
3331
