2301 3983
3680 2564
2351 3464
1182 3915
3358 1889
4062 381
212 3849
3380 3868
1719 1509
1454 1087
908 411
2347 386
525 2384
1831 510
3589 632
2074 3816
3210 2308
146 2594
1286 750
120 3117
1880 2098
1448 190
741 654
1912 1816
704 2577
750 2547
3634 2379
278 647
1214 4085
1752 3335
3303 2339
864 2484
3546 3889
2044 1587
1628 1816
1740 1084
3451 933
1563 3325
3185 949
1474 1857
3546 818
1633 1478
2036 1345
2398 2065
1579 2033
1886 1534
1897 1280
1433 1889
180 1413
2068 1695
1861 2024
875 4080
3682 1932
1480 1346
346 12
2521 2177
658 3829
544 694
949 1064
3368 282
358 865
3890 3655
2187 2481
2002 3803
3495 1547
346 1562
3347 690
455 3638
389 2035
1354 1342
2373 2496
548 3263
3701 1281
1247 954
3885 4068
3641 745
993 3608
1569 719
1576 3719
1545 1765
2067 1457
962 3839
4045 1639
3411 600
2573 1982
3271 1023
678 1281
1596 740
79 210
1154 3591
145 1556
839 914
1314 459
3465 526
474 107
2022 382
3627 1770
686 29
2570 2472
255 552
