6 1 0
7 2 1
6 0 8
4 6 0
1 5 6
9 8 1
8 6 2
6 3 1
6 4 8
6 1 8
0 8 3
6 9 1
8 6 1
0 4 2
3 9 6
6 9 7
4 3 2
6 1 8
3 8 5
5 2 7
6 2 9
2 0 9
5 3 9
4 9 7
1 3 2
3 4 6
3 2 6
6 1 8
0 4 5
0 8 6
8 3 7
1 9 3
7 0 2
1 9 0
2 9 8
1 8 5
6 8 9
5 1 3
7 2 4
9 4 1
4 2 3
1 5 7
6 3 5
2 5 4
9 1 4
2 3 0
8 1 2
2 3 6
3 1 4
2 0 4
8 5 0
3 6 2
5 6 7
6 8 4
5 2 0
4 5 8
4 8 5
1 0 9
0 3 7
3 9 2
4 3 0
6 0 4
4 1 7
1 5 0
9 4 1
9 7 3
9 2 1
9 7 8
8 0 6
1 5 8
3 2 9
2 5 0
3 5 4
6 5 3
6 1 4
8 4 9
5 7 2
2 9 5
9 4 3
3 8 1
7 6 5
4 6 9
9 8 2
1 8 5
2 7 1
1 9 3
7 8 0
0 4 5
0 8 9
1 5 8
2 7 5
8 4 9
7 6 2
7 5 0
1 7 6
9 3 2
1 9 7
8 9 2
8 6 7
3 7 6
