200 147 0 0 0 0 147 0 0 0
0 147 156 0 0 0 0 208 0 0
200 0 0 0 0 0 147 0 151 0
200 0 0 0 178 0 147 0 0 0
0 147 0 0 0 178 147 0 0 0
0 147 0 0 0 0 0 0 151 156
0 0 156 0 0 0 147 0 151 0
0 147 0 166 0 0 147 0 0 0
0 0 0 0 178 0 147 0 151 0
0 147 0 0 0 0 147 0 151 0
200 0 0 166 0 0 0 0 151 0
0 147 0 0 0 0 147 0 0 156
0 147 0 0 0 0 147 0 151 0
200 0 156 0 178 0 0 0 0 0
0 0 0 166 0 0 147 0 0 156
0 0 0 0 0 0 147 208 0 156
0 0 156 166 178 0 0 0 0 0
0 147 0 0 0 0 147 0 151 0
0 0 0 166 0 178 0 0 151 0
0 0 156 0 0 178 0 208 0 0
0 0 156 0 0 0 147 0 0 156
200 0 156 0 0 0 0 0 0 156
0 0 0 166 0 178 0 0 0 156
0 0 0 0 178 0 0 208 0 156
0 147 156 166 0 0 0 0 0 0
0 0 0 166 178 0 147 0 0 0
0 0 156 166 0 0 147 0 0 0
0 147 0 0 0 0 147 0 151 0
200 0 0 0 178 178 0 0 0 0
200 0 0 0 0 0 147 0 151 0
0 0 0 166 0 0 0 208 151 0
0 147 0 166 0 0 0 0 0 156
200 0 156 0 0 0 0 208 0 0
200 147 0 0 0 0 0 0 0 156
0 0 156 0 0 0 0 0 151 156
0 147 0 0 0 178 0 0 151 0
0 0 0 0 0 0 147 0 151 156
0 147 0 166 0 178 0 0 0 0
0 0 156 0 178 0 0 208 0 0
0 147 0 0 178 0 0 0 0 156
0 0 156 166 178 0 0 0 0 0
0 147 0 0 0 178 0 208 0 0
0 0 0 166 0 178 147 0 0 0
0 0 156 0 178 178 0 0 0 0
0 147 0 0 178 0 0 0 0 156
200 0 156 166 0 0 0 0 0 0
0 147 156 0 0 0 0 0 151 0
0 0 156 166 0 0 147 0 0 0
0 147 0 166 178 0 0 0 0 0
200 0 156 0 178 0 0 0 0 0
200 0 0 0 0 178 0 0 151 0
0 0 156 166 0 0 147 0 0 0
0 0 0 0 0 178 147 208 0 0
0 0 0 0 178 0 147 0 151 0
200 0 156 0 0 178 0 0 0 0
0 0 0 0 178 178 0 0 151 0
0 0 0 0 178 178 0 0 151 0
200 147 0 0 0 0 0 0 0 156
200 0 0 166 0 0 0 208 0 0
0 0 156 166 0 0 0 0 0 156
200 0 0 166 178 0 0 0 0 0
200 0 0 0 178 0 147 0 0 0
0 147 0 0 178 0 0 208 0 0
200 147 0 0 0 178 0 0 0 0
0 147 0 0 178 0 0 0 0 156
0 0 0 166 0 0 0 208 0 156
0 147 156 0 0 0 0 0 0 156
0 0 0 0 0 0 0 208 151 156
200 0 0 0 0 0 147 0 151 0
0 147 0 0 0 178 0 0 151 0
0 0 156 166 0 0 0 0 0 156
200 0 156 0 0 178 0 0 0 0
0 0 0 166 178 178 0 0 0 0
0 0 0 166 0 178 147 0 0 0
0 147 0 0 178 0 147 0 0 0
0 0 0 0 178 0 0 0 151 156
0 0 156 0 0 178 0 208 0 0
0 0 156 0 0 178 0 0 0 156
0 0 0 166 178 0 0 0 0 156
0 147 0 166 0 0 0 0 151 0
0 0 0 0 0 178 147 208 0 0
0 0 0 0 178 0 147 0 0 156
0 0 156 0 0 0 0 0 151 156
0 147 0 0 0 178 0 0 151 0
0 147 156 0 0 0 0 208 0 0
0 147 0 166 0 0 0 0 0 156
200 0 0 0 0 0 0 208 151 0
200 0 0 0 178 178 0 0 0 0
200 0 0 0 0 0 0 0 151 156
0 147 0 0 0 178 0 0 151 0
0 0 156 0 0 178 0 208 0 0
0 0 0 0 194 0 0 0 151 156
0 0 156 0 0 0 147 208 0 0
200 0 0 0 0 194 0 208 0 0
0 147 0 0 0 0 147 208 0 0
0 0 156 166 0 0 0 0 0 156
0 149 0 0 0 0 0 208 0 156
0 0 164 0 0 0 0 0 151 164
0 0 0 0 0 0 147 208 168 0
0 0 0 186 0 0 149 216 0 0
